R_V1_ROI
1 69 0 255 255
R_MST_ROI
2 49 109 132 255
R_V6_ROI
3 74 90 180 255
R_V2_ROI
4 28 56 236 255
R_V3_ROI
5 22 37 235 255
R_V4_ROI
6 22 44 221 255
R_V8_ROI
7 27 68 212 255
R_4_ROI
8 34 181 28 255
R_3b_ROI
9 44 191 28 255
R_FEF_ROI
10 139 152 149 255
R_PEF_ROI
11 159 180 168 255
R_55b_ROI
12 113 108 81 255
R_V3A_ROI
13 22 71 247 255
R_RSC_ROI
14 155 64 135 255
R_POS2_ROI
15 210 108 204 255
R_V7_ROI
16 29 94 191 255
R_IPS1_ROI
17 62 133 173 255
R_FFC_ROI
18 55 106 126 255
R_V3B_ROI
19 41 75 221 255
R_LO1_ROI
20 16 67 201 255
R_LO2_ROI
21 21 64 184 255
R_PIT_ROI
22 40 72 184 255
R_MT_ROI
23 32 98 106 255
R_A1_ROI
24 236 13 47 255
R_PSL_ROI
25 192 146 135 255
R_SFL_ROI
26 70 55 50 255
R_PCV_ROI
27 135 143 157 255
R_STV_ROI
28 144 114 107 255
R_7Pm_ROI
29 155 206 193 255
R_7m_ROI
30 51 44 54 255
R_POS1_ROI
31 90 82 120 255
R_23d_ROI
32 138 52 96 255
R_v23ab_ROI
33 32 8 27 255
R_d23ab_ROI
34 71 18 49 255
R_31pv_ROI
35 71 14 52 255
R_5m_ROI
36 45 173 52 255
R_5mv_ROI
37 141 160 128 255
R_23c_ROI
38 210 193 194 255
R_5L_ROI
39 66 158 68 255
R_24dd_ROI
40 72 163 48 255
R_24dv_ROI
41 121 156 72 255
R_7AL_ROI
42 117 182 122 255
R_SCEF_ROI
43 143 152 110 255
R_6ma_ROI
44 154 172 139 255
R_7Am_ROI
45 170 243 213 255
R_7PL_ROI
46 161 251 228 255
R_7PC_ROI
47 72 178 108 255
R_LIPv_ROI
48 64 126 172 255
R_VIP_ROI
49 57 134 147 255
R_MIP_ROI
50 127 203 195 255
R_1_ROI
51 30 197 44 255
R_2_ROI
52 55 180 71 255
R_3a_ROI
53 51 225 31 255
R_6d_ROI
54 33 160 42 255
R_6mp_ROI
55 74 159 51 255
R_6v_ROI
56 91 185 70 255
R_p24pr_ROI
57 156 146 120 255
R_33pr_ROI
58 119 94 97 255
R_a24pr_ROI
59 179 126 132 255
R_p32pr_ROI
60 179 147 133 255
R_a24_ROI
61 74 15 37 255
R_d32_ROI
62 116 42 66 255
R_8BM_ROI
63 134 79 92 255
R_p32_ROI
64 117 51 81 255
R_10r_ROI
65 30 4 11 255
R_47m_ROI
66 87 51 56 255
R_8Av_ROI
67 82 65 66 255
R_8Ad_ROI
68 63 64 50 255
R_9m_ROI
69 51 25 24 255
R_8BL_ROI
70 39 34 25 255
R_9p_ROI
71 67 50 51 255
R_10d_ROI
72 34 22 23 255
R_8C_ROI
73 124 86 95 255
R_44_ROI
74 139 97 92 255
R_45_ROI
75 94 67 60 255
R_47l_ROI
76 57 25 30 255
R_a47r_ROI
77 86 66 70 255
R_6r_ROI
78 191 211 161 255
R_IFJa_ROI
79 145 124 104 255
R_IFJp_ROI
80 128 149 134 255
R_IFSp_ROI
81 128 107 111 255
R_IFSa_ROI
82 213 210 194 255
R_p9-46v_ROI
83 148 132 130 255
R_46_ROI
84 197 208 190 255
R_a9-46v_ROI
85 179 126 151 255
R_9-46d_ROI
86 165 131 150 255
R_9a_ROI
87 67 52 55 255
R_10v_ROI
88 0 15 4 255
R_a10p_ROI
89 110 89 114 255
R_10pp_ROI
90 49 50 56 255
R_11l_ROI
91 111 95 109 255
R_13l_ROI
92 105 86 93 255
R_OFC_ROI
93 46 37 39 255
R_47s_ROI
94 70 36 41 255
R_LIPd_ROI
95 143 178 195 255
R_6a_ROI
96 122 196 141 255
R_i6-8_ROI
97 111 118 107 255
R_s6-8_ROI
98 106 91 85 255
R_43_ROI
99 164 142 70 255
R_OP4_ROI
100 118 161 48 255
R_OP1_ROI
101 97 151 37 255
R_OP2-3_ROI
102 153 126 62 255
R_52_ROI
103 210 69 64 255
R_RI_ROI
104 174 85 46 255
R_PFcm_ROI
105 185 151 90 255
R_PoI2_ROI
106 128 125 87 255
R_TA2_ROI
107 144 44 36 255
R_FOP4_ROI
108 212 159 152 255
R_MI_ROI
109 172 127 119 255
R_Pir_ROI
110 57 61 76 255
R_AVI_ROI
111 160 78 96 255
R_AAIC_ROI
112 84 39 53 255
R_FOP1_ROI
113 163 138 92 255
R_FOP3_ROI
114 188 140 111 255
R_FOP2_ROI
115 102 161 57 255
R_PFt_ROI
116 107 208 119 255
R_AIP_ROI
117 132 222 170 255
R_EC_ROI
118 47 49 39 255
R_PreS_ROI
119 92 62 96 255
R_H_ROI
120 61 59 44 255
R_ProS_ROI
121 93 75 177 255
R_PeEc_ROI
122 56 61 53 255
R_STGa_ROI
123 59 50 33 255
R_PBelt_ROI
124 208 24 15 255
R_A5_ROI
125 115 40 7 255
R_PHA1_ROI
126 66 61 80 255
R_PHA3_ROI
127 86 112 123 255
R_STSda_ROI
128 73 55 42 255
R_STSdp_ROI
129 97 58 53 255
R_STSvp_ROI
130 95 47 65 255
R_TGd_ROI
131 36 37 32 255
R_TE1a_ROI
132 9 8 0 255
R_TE1p_ROI
133 108 103 103 255
R_TE2a_ROI
134 68 59 59 255
R_TF_ROI
135 64 79 68 255
R_TE2p_ROI
136 105 147 135 255
R_PHT_ROI
137 203 255 216 255
R_PH_ROI
138 72 139 166 255
R_TPOJ1_ROI
139 129 100 86 255
R_TPOJ2_ROI
140 140 174 144 255
R_TPOJ3_ROI
141 99 150 141 255
R_DVT_ROI
142 125 130 198 255
R_PGp_ROI
143 145 207 218 255
R_IP2_ROI
144 189 177 180 255
R_IP1_ROI
145 128 116 128 255
R_IP0_ROI
146 109 174 213 255
R_PFop_ROI
147 172 198 136 255
R_PF_ROI
148 255 251 219 255
R_PFm_ROI
149 165 119 134 255
R_PGi_ROI
150 62 63 55 255
R_PGs_ROI
151 94 76 78 255
R_V6A_ROI
152 53 98 170 255
R_VMV1_ROI
153 57 73 167 255
R_VMV3_ROI
154 45 67 174 255
R_PHA2_ROI
155 78 98 98 255
R_V4t_ROI
156 15 101 132 255
R_FST_ROI
157 72 161 150 255
R_V3CD_ROI
158 26 73 204 255
R_LO3_ROI
159 59 107 171 255
R_VMV2_ROI
160 63 75 170 255
R_31pd_ROI
161 96 31 73 255
R_31a_ROI
162 144 101 132 255
R_VVC_ROI
163 57 78 133 255
R_25_ROI
164 30 18 15 255
R_s32_ROI
165 31 18 12 255
R_pOFC_ROI
166 89 53 66 255
R_PoI1_ROI
167 183 107 110 255
R_Ig_ROI
168 113 128 43 255
R_FOP5_ROI
169 185 100 115 255
R_p10p_ROI
170 100 70 87 255
R_p47r_ROI
171 154 119 122 255
R_TGv_ROI
172 60 63 56 255
R_MBelt_ROI
173 192 9 25 255
R_LBelt_ROI
174 227 23 31 255
R_A4_ROI
175 160 38 11 255
R_STSva_ROI
176 47 34 32 255
R_TE1m_ROI
177 86 49 59 255
R_PI_ROI
178 125 50 55 255
R_a32pr_ROI
179 161 82 113 255
R_p24_ROI
180 123 40 79 255
L_V1_ROI
181 67 11 255 255
L_MST_ROI
182 50 103 133 255
L_V6_ROI
183 65 80 179 255
L_V2_ROI
184 21 54 237 255
L_V3_ROI
185 15 39 232 255
L_V4_ROI
186 17 28 216 255
L_V8_ROI
187 27 50 206 255
L_4_ROI
188 33 176 21 255
L_3b_ROI
189 36 204 23 255
L_FEF_ROI
190 133 144 136 255
L_PEF_ROI
191 142 168 156 255
L_55b_ROI
192 63 92 50 255
L_V3A_ROI
193 9 59 248 255
L_RSC_ROI
194 156 66 134 255
L_POS2_ROI
195 188 89 189 255
L_V7_ROI
196 18 72 195 255
L_IPS1_ROI
197 56 113 161 255
L_FFC_ROI
198 58 92 120 255
L_V3B_ROI
199 26 49 208 255
L_LO1_ROI
200 0 54 187 255
L_LO2_ROI
201 17 36 182 255
L_PIT_ROI
202 35 45 171 255
L_MT_ROI
203 28 88 104 255
L_A1_ROI
204 233 25 46 255
L_PSL_ROI
205 122 85 60 255
L_SFL_ROI
206 32 53 24 255
L_PCV_ROI
207 138 127 152 255
L_STV_ROI
208 142 90 78 255
L_7Pm_ROI
209 151 181 189 255
L_7m_ROI
210 42 32 42 255
L_POS1_ROI
211 83 56 99 255
L_23d_ROI
212 124 56 87 255
L_v23ab_ROI
213 28 0 12 255
L_d23ab_ROI
214 67 23 50 255
L_31pv_ROI
215 54 13 42 255
L_5m_ROI
216 47 161 52 255
L_5mv_ROI
217 154 171 138 255
L_23c_ROI
218 208 191 196 255
L_5L_ROI
219 62 152 64 255
L_24dd_ROI
220 70 161 45 255
L_24dv_ROI
221 125 159 73 255
L_7AL_ROI
222 116 193 136 255
L_SCEF_ROI
223 109 149 86 255
L_6ma_ROI
224 147 181 139 255
L_7Am_ROI
225 185 240 225 255
L_7PL_ROI
226 172 245 240 255
L_7PC_ROI
227 66 175 110 255
L_LIPv_ROI
228 66 115 161 255
L_VIP_ROI
229 53 132 141 255
L_MIP_ROI
230 135 203 205 255
L_1_ROI
231 18 193 37 255
L_2_ROI
232 49 176 65 255
L_3a_ROI
233 50 219 24 255
L_6d_ROI
234 26 158 34 255
L_6mp_ROI
235 68 159 41 255
L_6v_ROI
236 70 171 53 255
L_p24pr_ROI
237 145 132 106 255
L_33pr_ROI
238 126 112 104 255
L_a24pr_ROI
239 172 127 130 255
L_p32pr_ROI
240 164 147 123 255
L_a24_ROI
241 68 15 26 255
L_d32_ROI
242 91 42 51 255
L_8BM_ROI
243 107 87 83 255
L_p32_ROI
244 96 34 53 255
L_10r_ROI
245 25 15 2 255
L_47m_ROI
246 100 79 70 255
L_8Av_ROI
247 57 59 48 255
L_8Ad_ROI
248 65 70 51 255
L_9m_ROI
249 47 40 23 255
L_8BL_ROI
250 31 40 19 255
L_9p_ROI
251 38 45 28 255
L_10d_ROI
252 38 38 26 255
L_8C_ROI
253 100 87 85 255
L_44_ROI
254 84 89 61 255
L_45_ROI
255 59 68 45 255
L_47l_ROI
256 49 52 32 255
L_a47r_ROI
257 77 77 66 255
L_6r_ROI
258 177 214 152 255
L_IFJa_ROI
259 130 125 99 255
L_IFJp_ROI
260 133 157 130 255
L_IFSp_ROI
261 99 100 90 255
L_IFSa_ROI
262 187 200 179 255
L_p9-46v_ROI
263 136 146 132 255
L_46_ROI
264 207 216 201 255
L_a9-46v_ROI
265 144 112 127 255
L_9-46d_ROI
266 139 116 130 255
L_9a_ROI
267 54 55 46 255
L_10v_ROI
268 12 37 16 255
L_a10p_ROI
269 101 77 91 255
L_10pp_ROI
270 60 67 63 255
L_11l_ROI
271 134 110 122 255
L_13l_ROI
272 86 64 73 255
L_OFC_ROI
273 41 39 33 255
L_47s_ROI
274 65 39 34 255
L_LIPd_ROI
275 152 176 201 255
L_6a_ROI
276 121 192 136 255
L_i6-8_ROI
277 92 100 85 255
L_s6-8_ROI
278 92 98 78 255
L_43_ROI
279 148 142 67 255
L_OP4_ROI
280 110 159 46 255
L_OP1_ROI
281 99 160 38 255
L_OP2-3_ROI
282 151 127 58 255
L_52_ROI
283 211 73 64 255
L_RI_ROI
284 180 66 27 255
L_PFcm_ROI
285 192 145 91 255
L_PoI2_ROI
286 130 127 85 255
L_TA2_ROI
287 133 47 29 255
L_FOP4_ROI
288 184 150 131 255
L_MI_ROI
289 158 117 108 255
L_Pir_ROI
290 87 65 64 255
L_AVI_ROI
291 139 72 82 255
L_AAIC_ROI
292 84 33 40 255
L_FOP1_ROI
293 156 155 89 255
L_FOP3_ROI
294 177 137 101 255
L_FOP2_ROI
295 100 158 54 255
L_PFt_ROI
296 131 224 138 255
L_AIP_ROI
297 138 220 170 255
L_EC_ROI
298 49 50 36 255
L_PreS_ROI
299 92 62 90 255
L_H_ROI
300 59 59 41 255
L_ProS_ROI
301 92 65 176 255
L_PeEc_ROI
302 62 65 54 255
L_STGa_ROI
303 59 46 28 255
L_PBelt_ROI
304 203 32 8 255
L_A5_ROI
305 98 43 8 255
L_PHA1_ROI
306 71 53 77 255
L_PHA3_ROI
307 102 108 120 255
L_STSda_ROI
308 78 54 36 255
L_STSdp_ROI
309 71 61 40 255
L_STSvp_ROI
310 72 61 59 255
L_TGd_ROI
311 36 38 26 255
L_TE1a_ROI
312 10 16 0 255
L_TE1p_ROI
313 97 104 96 255
L_TE2a_ROI
314 67 66 59 255
L_TF_ROI
315 64 73 58 255
L_TE2p_ROI
316 116 145 132 255
L_PHT_ROI
317 221 254 227 255
L_PH_ROI
318 87 130 164 255
L_TPOJ1_ROI
319 125 96 70 255
L_TPOJ2_ROI
320 155 163 140 255
L_TPOJ3_ROI
321 118 145 145 255
L_DVT_ROI
322 117 110 189 255
L_PGp_ROI
323 154 187 229 255
L_IP2_ROI
324 180 170 179 255
L_IP1_ROI
325 118 119 127 255
L_IP0_ROI
326 115 162 208 255
L_PFop_ROI
327 184 204 145 255
L_PF_ROI
328 255 255 228 255
L_PFm_ROI
329 134 107 115 255
L_PGi_ROI
330 57 68 52 255
L_PGs_ROI
331 66 73 62 255
L_V6A_ROI
332 39 91 167 255
L_VMV1_ROI
333 61 63 159 255
L_VMV3_ROI
334 50 55 163 255
L_PHA2_ROI
335 87 89 88 255
L_V4t_ROI
336 14 80 133 255
L_FST_ROI
337 86 155 155 255
L_V3CD_ROI
338 17 50 185 255
L_LO3_ROI
339 52 93 162 255
L_VMV2_ROI
340 67 62 163 255
L_31pd_ROI
341 62 27 52 255
L_31a_ROI
342 142 103 131 255
L_VVC_ROI
343 54 63 127 255
L_25_ROI
344 35 27 14 255
L_s32_ROI
345 48 38 24 255
L_pOFC_ROI
346 83 53 58 255
L_PoI1_ROI
347 172 109 103 255
L_Ig_ROI
348 105 128 35 255
L_FOP5_ROI
349 161 103 105 255
L_p10p_ROI
350 92 67 79 255
L_p47r_ROI
351 126 123 113 255
L_TGv_ROI
352 41 51 40 255
L_MBelt_ROI
353 185 28 23 255
L_LBelt_ROI
354 235 21 28 255
L_A4_ROI
355 152 43 6 255
L_STSva_ROI
356 38 36 22 255
L_TE1m_ROI
357 59 45 42 255
L_PI_ROI
358 116 48 46 255
L_a32pr_ROI
359 133 69 90 255
L_p24_ROI
360 122 37 73 255
RED_NUCLEUS_LEFT
361 228 26 28 255
RED_NUCLEUS_RIGHT
362 228 26 28 255
SUBSTANTIA_NIGRA_LEFT
363 55 126 184 255
SUBSTANTIA_NIGRA_RIGHT
364 55 126 184 255
SUBTHALAMIC_NUCLEUS_LEFT
365 77 175 74 255
SUBTHALAMIC_NUCLEUS_RIGHT
366 77 175 74 255
CAUDATE_LEFT
367 152 78 163 255
CAUDATE_RIGHT
368 152 78 163 255
PUTAMEN_LEFT
369 255 127 0 255
PUTAMEN_RIGHT
370 255 127 0 255
PALLIDUM_EXTERNAL_LEFT
371 255 255 51 255
PALLIDUM_EXTERNAL_RIGHT
372 255 255 51 255
PALLIDUM_INTERNAL_LEFT
373 166 86 40 255
PALLIDUM_INTERNAL_RIGHT
374 166 86 40 255
THALAMUS_LEFT
375 247 129 191 255
THALAMUS_RIGHT
376 247 129 191 255
HIPPOCAMPUS_LEFT
377 29 145 201 255
AMYGDALA_LEFT
378 205 77 157 255
CEREBELLUM_LEFT
380 255 250 205 255
ACCUMBENS_LEFT
386 160 82 45 255
CEREBELLUM_RIGHT
407 255 250 205 255
HIPPOCAMPUS_RIGHT
413 29 145 201 255
AMYGDALA_RIGHT
414 205 77 157 255
ACCUMBENS_RIGHT
418 160 82 45 255
