L_RM_V1
600 255 255 0 255
L_RM_V2
601 255 37 255 255
L_RM_Ip
602 122 242 43 255
L_RM_Ia
603 255 35 70 255
L_RM_A1
604 255 159 4 255
L_RM_A2
605 250 34 179 255
L_RM_TCs
606 93 70 244 255
L_RM_TCc
607 255 27 51 255
L_RM_TCi
608 156 182 73 255
L_RM_TCpol
609 255 249 0 255
L_RM_TCv
610 93 255 97 255
L_RM_PHC
611 74 137 255 255
L_RM_S1
612 248 45 33 255
L_RM_S2
613 56 218 220 255
L_RM_PCi
614 229 252 41 255
L_RM_PCip
615 51 179 87 255
L_RM_PCs
616 204 0 255 255
L_RM_PCm
617 14 255 91 255
L_RM_M1
618 19 53 255 255
L_RM_PMCm
619 255 125 12 255
L_RM_PMCdl
620 220 109 185 255
L_RM_PMCvl
621 222 155 78 255
L_RM_FEF
622 255 217 71 255
L_RM_PFCdm
623 247 40 132 255
L_RM_PFCdl
624 80 153 219 255
L_RM_PFCcl
625 208 77 58 255
L_RM_PFCol
626 255 221 53 255
L_RM_PFCvl
627 36 116 252 255
L_RM_PFCoi
628 184 0 106 255
L_RM_PFCom
629 7 180 211 255
L_RM_PFCpol
630 0 128 0 255
L_RM_PFCm
631 232 245 19 255
L_RM_CCs
632 255 85 154 255
L_RM_CCa
633 58 201 73 255
L_RM_CCp
634 241 184 65 255
L_RM_CCr
635 215 89 29 255
L_RM_Amyg
636 191 69 0 255
L_RM_HC
637 170 170 170 255
L_RM_VACv
638 43 103 255 255
L_RM_VACd
639 217 120 64 255
L_RM_G
640 145 93 252 255
R_RM_V1
641 255 255 0 255
R_RM_V2
642 255 37 255 255
R_RM_Ip
643 122 242 43 255
R_RM_Ia
644 255 35 70 255
R_RM_A1
645 255 159 4 255
R_RM_A2
646 250 34 179 255
R_RM_TCs
647 93 70 244 255
R_RM_TCc
648 255 27 51 255
R_RM_TCi
649 156 182 73 255
R_RM_TCpol
650 255 249 0 255
R_RM_TCv
651 93 255 97 255
R_RM_PHC
652 74 137 255 255
R_RM_S1
653 248 45 33 255
R_RM_S2
654 56 218 220 255
R_RM_PCi
655 229 252 41 255
R_RM_PCip
656 51 179 87 255
R_RM_PCs
657 204 0 255 255
R_RM_PCm
658 14 255 91 255
R_RM_M1
659 19 53 255 255
R_RM_PMCm
660 255 125 12 255
R_RM_PMCdl
661 220 109 185 255
R_RM_PMCvl
662 222 155 78 255
R_RM_FEF
663 255 217 71 255
R_RM_PFCdm
664 247 40 132 255
R_RM_PFCdl
665 80 153 219 255
R_RM_PFCcl
666 208 77 58 255
R_RM_PFCol
667 255 221 53 255
R_RM_PFCvl
668 36 116 252 255
R_RM_PFCoi
669 184 0 106 255
R_RM_PFCom
670 7 180 211 255
R_RM_PFCpol
671 0 128 0 255
R_RM_PFCm
672 232 245 19 255
R_RM_CCs
673 255 85 154 255
R_RM_CCa
674 58 201 73 255
R_RM_CCp
675 241 184 65 255
R_RM_CCr
676 215 89 29 255
R_RM_Amyg
677 191 69 0 255
R_RM_HC
678 170 170 170 255
R_RM_VACv
679 43 103 255 255
R_RM_VACd
680 217 120 64 255
R_RM_G
684 145 93 252 255
